3914.66
3859.56
3940.36
3935.53
3847.7
3894.99
3886.3
3935.27
3962.11
3932.52
3963.57
3984.58
3932.82
3994.67
3947.49
3938.92
3934.04
3953.22
3981.58
3940.2
3958.19
3944.13
3994.44
3988.08
4061.25
3988.45
4006.94
4062.06
4042.94
4075.59
4041.9
4034.57
4038.22
4073.87
4033.03
4025.41
4059.8
4114.74
4079.98
4064.65
4065.94
4027.2
4117.41
4092.59
4075.58
4080.38
4033.41
4092.54
4068.65
4069.54
4097.65
4097.48
4148.59
4158.93
4118.09
4197.67
4186.28
4120.09
4102.99
4211.63
4159.66
4172.15
4165.59
4230.15
4148.4
4176.7
4152.37
4228.65
4211.33
4249.83
4102.63
4205.32
4202.21
4234.52
4159.04
4210.25
4188.18
4234.63
4207.06
4238.06
4178.41
4155.82
4244.94
4197.24
4248.91
4276.42
4230.06
4344.87
4277.84
4264.75
4314.77
4300.18
4282.61
4247.44
4316.98
4308.39
4282.41
4277.73
4325.4
4281.57
4323.54
4334.7
4302.79
4300.78
4345.51
4341.1
4344.55
4345.44
4353.02
4308.84
4342.48
4278.84
4325.24
4381.39
4391.32
4338.8
4336.3
4360.1
4373.18
4417.13
4418.04
4358.72
4367.47
4359.05
4436.9
4387.73
4378.44
4328.05
4356.2
4446.79
4380.6
4410.62
4411.01
4489.85
4454.5
4430.64
4352.91
4445.35
4498.62
4427.83
4476.28
4441.97
4456.26
4517.32
4493.29
4507.82
4549.14
4508
4553.42
4564.54
4507.32
4483.08
4479.62
4490.54
4544.35
4505.55
4583.65
4495.64
4518.4
4563.18
4618.15
4630.68
4541.6
4613.38
4544.89
4627.39
4549.67
4589.11
4569.41
4636.69
4537.49
4533.71
4643.5
4599.88
4672.9
4639.36
4671.71
4716.79
4729.12
4760.88
4657.35
4730.56
4737.34
4766.54
4731.68
4806.27
4750.25
4789.79
4783.19
4830.19
4846.75
4843.14
4809.69
4820.94
4864.94
4838.57
4930.82
4810.26
4820.22
4879.31
4773.42
4831.21
4858.77
4864.75
4885.45
4878.38
4804.07
4870.58
4880.11
4902.95
4859.56
4870.96
5035.97
4822.83
4873.63
4865.99
4905.41
4877.01
4920.45
4960.63
4885.73
4867.07
5009.28
4927.86
4966.4
4895.81
4925.22
4950.16
4962.68
5115.8
5051.89
4939.33
5013.26
4978.85
5099.8
5075.59
5094.48
5037.79
5070.61
5186.86
5068.89
5144.07
5127.04
5211.14
5188.81
5208.2
5084.89
5188.73
5148.53
5211.23
5229.62
5341.31
5304.21
5221.95
5271.14
5311.03
5377.01
5408.39
5360.68
5392.01
5245.63
5284.09
5443.39
5441.39
5475.88
5390.11
5430.9
5522.13
5464.81
5482.21
5489.74
5517.82
5535.54
5542.8
5458.19
5628.16
5505.83
5518.33
5565.45
5635.58
5708.46
5505.97
5783.66
5592.51
5783.41
5848.3
5694.66
5791.94
5795.34
5904.28
5936.2
5953.7
5924.91
5984.86
5905.07
5950.76
6022.56
5914.57
6123.65
5936.77
6196.47
6111.02
6085.03
6188.2
6122.9
6277.73
6184.42
6394.9
6046.55
6282.62
6244.24
6298.71
6379.01
6263.11
6337.86
6319.63
6285.36
6382.53
6462.57
6529.37
6455.99
6441.13
6661.72
6639.4
6431.97
6499.52
6541.5
6469.95
6638.61
6491.47
6795.3
6534.25
6640.73
6758.44
6839.37
6763.86
6730.55
6804.84
6812.42
6814.09
6946.85
6882.04
7020.26
6885.78
6964.94
6931.96
6992.98
7040.96
7134.78
7145.98
7068.54
7323.5
7204.14
7294.34
7641.53
7253.16
7482.37
7417.8
7598.07
7389.57
7482.64
7539.28
7584.77
7524.8
7538.47
7758.97
7567.31
7730.13
7872.55
7778.94
7856.42
7950.88
8054.49
7907.66
8152.66
7678.1
7973.87
8196.91
8248.38
8283.17
8187.63
8214.2
8354.38
8114.21
8482.72
8429.57
8477.25
8474.12
8262.7
8617.5
8353.35
8344.34
8418.59
8556.28
8406.74
8651.78
8484.89
8702.25
8649.06
8585.06
8762.22
8692.58
8838.12
8494.65
8567.58
8585.07
8583.07
8906.69
8568.75
8662.1
8933.44
8798.36
8557.23
8741.27
8620.21
8855.79
8677.54
9004.4
8790.46
8712.28
8781.69
8564.97
8832.33
8620.94
8642.77
8747.53
8705.07
8736.66
8852.17
8648.39
8847.61
8545.22
8592.73
8364.15
8749.19
8334.46
8552.45
8454.83
8601.21
8583.16
8518.68
8360.18
8533.01
8524.02
8363.53
8276.87
8396.56
8314.87
8320.66
8207.24
8149.34
7959.48
8316.58
8112.09
8196.73
8130.03
8224.61
7965.82
8142.12
7982.26
7892.37
8027.85
8125.79
7889.29
7813.26
7894.5
7982.04
7720.38
7901.53
7512.11
7441.3
7321.14
7680.98
7625.75
7312.94
7356.93
7403.11
7325.06
7385.04
7258.5
7217.59
7180.5
7281.68
6956.19
7156.39
6769.14
6927.46
7194
7124.11
6923.95
6726.08
7016.23
6774.27
6630.12
6892.78
6705.84
6654.41
6374.11
6818.68
6395.46
6574.86
6710.37
6585.04
6421.58
6341.94
6302.12
6391.24
6273.05
6476.03
6304.67
6120.77
6228.04
6203.1
6243.7
6178.76
6019.59
5964.27
6136.79
5791.99
5939.36
6075.98
6161.17
5968.76
6037.12
5691.04
5864.5
5797.45
5786.52
5809.43
5664.97
5681.67
5620.25
5649.44
5767.73
5814.41
5583.23
5716.33
5624.01
5542.59
5627.6
5438.06
5649.24
5490.32
5339.23
5646.51
5326.38
5336.54
5286.74
5446.19
5275.96
5392.02
5176.92
5210.61
5165.88
5253.88
5038.56
5213.1
5022.97
5048.08
5050.74
5075.81
5068.39
5003.09
5074.57
4959.88
4799.24
5039.16
5008.13
4921.16
4778.21
4777.62
4963.61
4745.72
4627.15
4661.25
4729.25
4797.9
4690.12
4739.79
4718.59
4764.37
4639.34
4722.34
4687.77
4675.18
4676.65
4531.57
4703.67
4652.39
4703.67
4696.08
4554.85
4544.04
4578.45
4548.9
4472.42
4569.19
4324.12
4528.57
4452.41
4462.53
4458.5
4644.53
4347.56
4482.53
4420.62
4325.13
4569.43
4327.58
4340.93
4174.23
4231.32
4232.61
4359.11
4202.69
4321.85
4210.99
4161.43
4189.17
4136.85
4071.58
4208.35
4231.49
4198.03
4162.9
4060.41
4083.85
4155.51
3929.39
4078.38
4060.33
3869.56
4097.5
4075.78
3906.47
3979.92
4156.48
4026.3
4020.18
3825.39
4015.9
3930.19
3796.07
3799.63
3892.75
3814.71
3792.57
3851.48
3896.02
3788.56
3879.97
3819.24
3679.07
3752.16
3691.86
3714.81
3707.38
3753.21
3494.9
3614.21
3562.16
3687.71
3633.25
3574.13
3628.63
3568.97
3474.16
3526.86
3418.75
3563.13
3375.27
3531.11
3408.43
3457.08
3431.93
3460.63
3354.62
3334.63
3477.03
3420.85
3468.13
3422.87
3391.52
3363.01
3267.7
3411.1
3377.3
3452.52
3332.51
3383.04
3276.69
3210.68
3250.16
3388.47
3238.07
3342.14
3402.65
3234.23
3116.13
3240.29
3192.38
3242.14
3217.99
3269.37
3180.73
3150.19
3092.61
3227.37
3051.26
3226.98
3154.97
3135.28
3115.67
3051.03
3091.72
3179.39
3074.68
3018.96
3115.91
2913.31
3024.43
2956.59
2981.88
2962.01
2931.16
2905.78
2933.7
2905.76
3002.9
2878.06
2902.49
2946.64
2847.95
2931.91
2747.65
2772.95
2815.71
2835.34
2769.48
2875.71
2768.84
2756.77
2712.13
2798.39
2725.3
2739.48
2757.93
2725.95
2677.93
2862.15
2783.86
2773.77
2650.89
2619.35
2716.3
2647.01
2635.07
2784.79
2538.52
2729.06
2682.3
2644.53
2632.95
2537.22
2668
2746.16
2591.31
2663.71
2632.88
2686.72
2618.41
2704.92
2410.9
2699.72
2554.38
2640.05
2612.57
2420.51
2583.02
2615.64
2601.96
2762.98
2451.14
2515.43
2499.21
2685.39
2476.31
2582.51
2560.01
2592.54
2447.82
2548.13
2392.76
2494.33
2472.03
2578.91
2531.93
2439.29
2460.45
2463.89
2277.07
2433.66
2471.75
2446.97
2474.47
2453.1
2370.2
2386.44
2345.49
2328.52
2266.98
2331.98
2218.49
2422.74
2301.88
2428.49
2364.18
2344.38
2260.92
2312.54
2375.76
2270.24
2404.97
2175.41
2253.97
2307.84
2079.18
2237.56
2166.19
2298.45
2191.14
2135.07
2080.99
2239.71
2060.79
2206.57
2236.38
2135.38
2170.82
2188.16
2135.49
2101.59
2165.95
2126.26
2037.66
2095.53
2039.02
2158.04
2126.72
2086.71
2084.55
2097.63
2286.21
2043.73
2152.11
2083.97
2079.52
2089.99
2202.44
2050.81
2107.08
2152.89
2071.13
2132.4
1988.71
2167.1
2007.52
2043.69
1929.36
2030.75
2121.37
2127.88
2075.2
2013.78
2182.56
2014.96
2125.65
2010.97
1920.84
2043.09
1946.88
2039.85
1920.13
2045.76
1922.14
2098.4
2118.16
2087.55
2035.62
2103.02
1916.26
2179.86
1978.72
2023.64
2007.88
1832.74
2100.38
2120.07
1961.35
1997.19
1948.98
2008.78
2085.3
1993.75
2069.93
2004.7
1989.66
1834
1876.5
1956.32
1949.64
1926.18
1927.2
1847.62
1969.14
1921.94
1858.2
1870.11
1929.18
1864.28
1869.47
1869.05
1934.15
1751.66
1811.12
1816.55
1795.51
1813.84
1984.69
1773.24
1809.56
1837.75
1967.43
1712.79
1732.18
1816.48
1764.5
1827.67
1927.44
1631.82
1787.85
1713.94
1688.74
1747.8
1731.74
1647.9
1778.6
1714.6
1766.1
1675.66
1660.67
1593.61
1748.65
1733.51
1733.28
1656.33
1641.11
1793.54
1709.98
1658.37
1739.34
1674.5
1681.55
1603.48
1645.55
1662.55
1636.11
1597.14
1675.32
1651.53
1642.04
1663.07
1664.93
1604.1
1653.08
1533.14
1621.65
1594.17
1610.76
1607.51
1587.52
1660.04
1675.92
1495.63
1452.98
1585.64
1613.91
1503.44
1524.12
1460.66
1639.25
1437.77
1483.4
1365.36
1521.12
1393.26
1433.74
1559.68
1387.11
1457.26
