MTSEED
624
1408765283
2511649195
659009711
2241813518
2490744000
2512734863
831970983
3627955946
1749900021
4175263309
3620825808
663687242
3576629054
890798110
940349924
1083161347
1490475482
1616324216
3209162447
4190628852
820529031
2191292248
2131771544
606756212
1860563676
2948339274
4179186306
2175505920
3993452774
752494454
1298773932
532417632
4268769792
2276632144
1220247676
1227331188
2237004109
3263144784
2248661733
2240805962
97063056
371235065
1737005927
1004070249
1094103961
165229349
554891975
69365682
893014890
915186435
2177756001
2632636738
2276128372
2308072131
3168878427
1463000916
1056266689
68923998
4193496400
3324628218
872292217
1785277434
1541713221
248365075
930869951
1879571612
2644619059
769808280
3226789692
939062048
1966345190
3745010026
3131592629
420569724
854865718
375369369
1516159913
2544900501
2102192097
1854823343
3069987318
717799829
2011176219
4273235349
379804290
2876262303
3941221959
2850299179
851014277
2132171730
2713396633
1630718338
1299553291
4230867535
2291407962
201475863
2593282931
2059701494
2914831573
3808223286
1597231693
454075489
3130283
540784094
1291095806
3120292356
3799999176
3752697218
3813682513
1814086599
337392524
2139767467
3655288706
3538042710
3732568571
1197463371
2383186598
3147855657
1279395693
804895251
2896139511
4032815650
1086251135
4242800689
3815560758
805691494
1110580924
2204386832
42813338
2319755843
1610282279
3879603841
2932689870
4146271233
2862217040
257390049
12446541
3639937770
1407385463
1467936793
607752708
3354837025
2316959736
3725903921
1320402506
365770536
3465751386
4256283568
3665221939
4218314885
1876806516
3231048384
2832323207
3256106002
915917903
2959270598
1706712048
223428530
2449630168
2505510817
3022808815
2769580322
2843394626
3743605731
1876346884
2766837662
2431929650
1241588887
388085206
1802912791
3568477016
1600333458
3284657067
1347009013
658895346
2729506601
3393488807
1595689061
3550614566
1690091596
2138838037
2940117145
1877299421
3821183875
2110390840
3614597686
1109531811
2033581733
3725540208
3875012636
3972113401
4244405345
2900067690
853035721
2799309583
2308340196
753151618
4034391055
2432077186
25121863
4249305035
750138033
869906847
546657158
2504436394
1087192341
2184498610
2159564607
2383745249
2391680352
2915316348
383736457
3545303521
1517345023
697797388
1602701459
2855519346
2040295689
711844098
2312231077
223140287
3893502008
134433573
2525393784
4146977282
1892191302
2619496421
3588771334
4102714845
1959153531
3608913416
3625018942
373226489
1803594534
1735157325
2895579367
3315339333
1966203531
1487944544
3639957300
2063128739
4102695643
3076030506
328726715
3224253883
2768415373
2235355745
2722823430
3289970572
3544068964
2094884765
1695571335
3089865946
1779202613
3418229634
3534328804
1549728291
1950540395
2457079508
2475975025
3486908003
4180589797
2228329924
1821128229
2269552956
3151613055
4274492251
2046769859
728891798
2045634363
909133040
1484759999
3677243654
1501134090
1613117801
3584380699
187960716
3046982993
3127559637
3437305322
1798405893
4036772269
3230533824
2081345802
990141811
2967497340
4076434132
851468018
2840787098
552430873
2495442175
3304744436
3038538391
1867696878
2597124209
318280070
77340934
3463396999
1609846590
1485110278
4018679535
977981513
2264547067
4047313516
1833555451
4084872915
3057447234
468086643
3820192915
1203002885
311770314
334436073
3170221093
2813664156
2139976848
1646761840
3116448209
1240644732
4144907151
60461947
289801159
1461059012
752782587
2350707530
3432350892
801636688
2882295254
3931656683
3590683088
3072326792
2106228156
3508060636
530437447
3109627216
1919065256
2069709052
377293345
4238846294
3843509467
339274379
2110123307
3207072999
3489047727
455279923
452876663
1786444876
900055227
128327202
362288838
278590331
97248229
1034516408
3941971192
128433000
3360659818
509589712
56310644
3053161001
1415284573
3339756723
847456984
1804959905
2016501898
535984962
2507076726
4106520369
2285967912
131452417
2426392789
4289819972
28788085
61670812
42447872
2329806197
4106606697
365239625
2892996677
448871548
4009704038
364189780
2495844000
2531916135
780759895
3327463890
1859117557
362527429
348593723
2035909066
4149402011
4249498237
750607164
3408665651
3368865912
1807553808
1901488703
94706177
3071593713
2072504428
3472624015
3714036171
3378326904
1903609368
1250855535
3813899513
1084758582
1675282504
3229554531
424057463
784703883
1178148976
3590145839
2050466295
861506986
3335184303
2909883514
3337053431
16607716
383896725
1369732459
647892597
2471187149
61961296
1517401398
2975330138
2989459296
3353468243
2294030906
806451651
3915605659
877056933
3971468999
428308739
625629919
286274220
1496714126
3278575646
1307773477
1212958185
551075390
1325678125
3039171860
3035175271
1817252755
1081334869
3840598752
4232839244
2354014185
3579692150
391389417
1814867630
837129165
306644644
2534368376
221114343
3419621097
599012889
2377890469
4035249324
147161557
2436511700
1119063866
924522260
1318441138
1722819438
2457691035
720645678
1246681080
1987999760
3801971081
955371335
2118436825
922579471
3329296579
92747161
2369128503
908630980
196958768
2923972301
3021060233
915223478
1213976238
681391084
574802430
4033126681
295729958
1010953699
1401313141
754554539
2462512735
1524758938
16281361
2330651808
1472204758
2317439168
1621799032
1528259244
583238961
2848048966
3488809926
1313336236
3443167797
399808323
2460453477
3254500250
3974424149
2314004455
634653779
3246803386
1199446265
4276392917
908450668
793796507
2937892135
3338411674
3490116959
1368460111
73938378
845960375
1662278969
695451935
2833107523
1149540014
4022082581
1289280697
146116260
2943552705
1737319933
2688621179
3593024717
3844478295
3468451894
1564562428
3366160869
2057011155
2910769648
654399633
3018099789
1919591492
3487481427
719972267
2498751379
3299838802
2248626707
910523348
1803178180
769543386
566951460
437488215
991896951
949451032
3543703710
1133929752
1981761029
4041917885
1084535840
2118630448
123370113
399007762
3589638984
1148721606
4053707955
919884705
2012031415
668851457
3973364889
1762841847
589278532
1007993355
3260380047
2673902709
1530459181
3042435991
2844428549
3123564800
2281409032
1096995377
2915606320
1605800699
4102408420
60613734
2850731138
2477897925
1651599305
3183475759
2079167753
2092242545
4186164346
2629529352
1705323326
1091029288
2664976507
2914485004
1005270230
1022124223
3259065517
3413104889
2232706806
751907993
2682168243
1581731884
2303047961
3964566784
3941789577
2026855885
1133916120
3838510074
285725851
488298118
1041128254
3509596119
275207430
2691613633
818649427
1789258532
3897529599
2701436371
3091810013
4025438052
1522103565
1310891047
2789340010
1797239413
187530802
1289326121
